# name: debug
# type: sparse matrix
# nnz: 10404
# rows: 102
# columns: 102

1 1 107957154
2 1 123366.447
3 1 128483.389
4 1 8710255.84
5 1 -332517178
6 1 -106904505
7 1 -511240.711
8 1 -12440.7647
9 1 262131.241
10 1 5301506.67
11 1 41386610.6
12 1 13568994.3
13 1 -422531.425
14 1 -27606.9809
15 1 218761.48
16 1 3087357.26
17 1 41157933.7
18 1 11371236.5
19 1 -264169.397
20 1 29683.3172
21 1 271478.97
22 1 -514257.143
23 1 38151596.8
24 1 1969737.21
25 1 -162489.617
26 1 11439.0915
27 1 261166.649
28 1 2987828.78
29 1 31680718.1
30 1 4763940.58
31 1 -55488.6072
32 1 -12351.4462
33 1 272780.362
34 1 8044746.82
35 1 30041249
36 1 2890912.27
37 1 46454.9551
38 1 -3291.35927
39 1 171744.096
40 1 1291769.66
41 1 20066518.6
42 1 -353599.585
43 1 5751.137
44 1 4401.50529
45 1 106820.293
46 1 2373008.27
47 1 10935366.5
48 1 -655091.627
49 1 10810.7052
50 1 7343.05945
51 1 106893.61
52 1 1766351.02
53 1 11606329.7
54 1 -411479.811
55 1 33891.4374
56 1 7659.78536
57 1 114307.472
58 1 2744609.87
59 1 11939462.6
60 1 -1612172.2
61 1 36763.9126
62 1 5291.95491
63 1 95916.7944
64 1 1803147.15
65 1 10109674.6
66 1 -1474361.18
67 1 41013.9012
68 1 65.6112974
69 1 38438.824
70 1 477441.791
71 1 6193921.01
72 1 -239788.856
73 1 26676.4228
74 1 2178.02859
75 1 16577.0671
76 1 350568.07
77 1 2693916.97
78 1 -720816.153
79 1 40167.7023
80 1 5006.35063
81 1 2080.0201
82 1 22365.7424
83 1 2177107
84 1 -947419.426
85 1 36366.3927
86 1 6423.78145
87 1 -4390.38328
88 1 -238396.049
89 1 1492018.77
90 1 -1152590.49
91 1 9744.20607
92 1 3369.7317
93 1 -3588.04168
94 1 -273163.802
95 1 318940.908
96 1 -399239.413
97 1 5998.07873
98 1 5686.94127
99 1 -20087.0307
100 1 -379896.402
101 1 -1518700.61
102 1 -504310.304
1 2 123366.447
2 2 111458947
3 2 1066167.07
4 2 399476181
5 2 -2786404.21
6 2 -240542262
7 2 -87114.1652
8 2 -1018171.92
9 2 -161110.833
10 2 -33274478.4
11 2 -1750285.43
12 2 55124097.2
13 2 -94950.4575
14 2 -763630.53
15 2 -100880.03
16 2 -37251842.9
17 2 -407287.262
18 2 40773079.2
19 2 -42436.8822
20 2 -657231.856
21 2 -69816.5273
22 2 -20012062.6
23 2 -211153.556
24 2 44537356.5
25 2 -80335.7856
26 2 -508866.524
27 2 -56105.0675
28 2 -13104010.7
29 2 -82760.4682
30 2 37285900.3
31 2 -80111.2955
32 2 -445128.883
33 2 -7337.64028
34 2 -5823156.25
35 2 -1655675.29
36 2 31505280.7
37 2 -25928.2761
38 2 -260936.57
39 2 4944.10831
40 2 1615946.66
41 2 -660334.044
42 2 22472454.3
43 2 -28728.6226
44 2 -177480.242
45 2 -135.440406
46 2 -3155369.76
47 2 -496633.761
48 2 13338959.5
49 2 -23107.5235
50 2 -170204.264
51 2 -4677.98627
52 2 -2723600.01
53 2 24141.1897
54 2 13654140
55 2 -42869.1105
56 2 -185672.547
57 2 13829.1673
58 2 560484.076
59 2 20522.791
60 2 16327942.5
61 2 -30788.9401
62 2 -165498.631
63 2 11262.6169
64 2 667254.953
65 2 -273095.042
66 2 14292069.3
67 2 -12398.2353
68 2 -101375.834
69 2 8237.88879
70 2 2848433.51
71 2 636733.295
72 2 7632651.98
73 2 -10260.6932
74 2 -66276.7886
75 2 17409.1404
76 2 2807269.76
77 2 1124475.06
78 2 5089985.77
79 2 -5108.57586
80 2 -83060.0777
81 2 19851.1295
82 2 4420397
83 2 1821913.41
84 2 5349867.73
85 2 -7784.11263
86 2 -76302.4708
87 2 22688.5359
88 2 4038529.9
89 2 1555267.76
90 2 4667341.73
91 2 6937.08215
92 2 -39465.3744
93 2 19158.5701
94 2 3108286.19
95 2 2023940.64
96 2 2117503.59
97 2 1334.1005
98 2 -35886.5724
99 2 16819.4092
100 2 1257224.17
101 2 1719408.33
102 2 2363723.7
1 3 128483.389
2 3 1066167.07
3 3 108381781
4 3 130539231
5 3 193424654
6 3 -5923851.62
7 3 -258227.064
8 3 -168323.794
9 3 -643585.257
10 3 -16847078.4
11 3 -30790034.5
12 3 8926260.84
13 3 -205373.099
14 3 -121324.183
15 3 -434460.714
16 3 -12387958.9
17 3 -15358930.1
18 3 9422352.42
19 3 -244179.696
20 3 -50525.8862
21 3 -329382.851
22 3 -2495878.96
23 3 -18453477.5
24 3 4372209.76
25 3 -226474.919
26 3 -61032.0465
27 3 -216318.938
28 3 -3352096.73
29 3 -10586712.4
30 3 7464470.26
31 3 -236608.554
32 3 -67617.5206
33 3 -84545.3495
34 3 -1555644.29
35 3 -2239539.21
36 3 10422910.8
37 3 -99555.7987
38 3 -19906.9376
39 3 77734.4258
40 3 931867.254
41 3 10098496.6
42 3 2167674.89
43 3 -98768.8465
44 3 -27140.9601
45 3 42944.6035
46 3 887334.423
47 3 7789842.79
48 3 3273779.81
49 3 -78554.5578
50 3 -16490.6544
51 3 50431.5411
52 3 542522.96
53 3 8138904.39
54 3 1958356.09
55 3 -77976.9285
56 3 -32814.4995
57 3 96637.8925
58 3 2940137.86
59 3 10408349.9
60 3 4471565.12
61 3 -69408.9371
62 3 -28506.1127
63 3 92056.7529
64 3 2576668.63
65 3 10368207.7
66 3 3741744.79
67 3 -19204.9757
68 3 -7847.47238
69 3 64451.7516
70 3 653870.958
71 3 7571823.71
72 3 848450.044
73 3 862.554965
74 3 -9485.84768
75 3 49621.3291
76 3 1142725.15
77 3 5648224.06
78 3 535923.981
79 3 6229.9896
80 3 -7600.51117
81 3 52802.2097
82 3 793280.38
83 3 7042133.95
84 3 385586.18
85 3 5839.82223
86 3 -9614.95399
87 3 51970.5047
88 3 961935.922
89 3 6850671.76
90 3 374360.039
91 3 17382.3405
92 3 -4429.81009
93 3 26387.504
94 3 664423.895
95 3 3711534.92
96 3 -44879.343
97 3 8662.86136
98 3 -7805.29688
99 3 38491.8836
100 3 692328.298
101 3 4036777.31
102 3 506223.218
1 4 8710255.84
2 4 399476181
3 4 130539231
4 4 5.6382207e+10
5 4 -258765070
6 4 -3.51291434e+09
7 4 -8012142.69
8 4 -52314052.6
9 4 -17168199.9
10 4 -5.12048851e+09
11 4 78906964.3
12 4 3.80297002e+09
13 4 -9333815.96
14 4 -49921319.3
15 4 -12310025.3
16 4 -4.49982093e+09
17 4 97061088.1
18 4 3.65595439e+09
19 4 -5295700.66
20 4 -42503715.5
21 4 -3133392.93
22 4 -2.67918504e+09
23 4 758977865
24 4 4.54961158e+09
25 4 -9019611.46
26 4 -34772345.5
27 4 -3703959.82
28 4 -1.29867582e+09
29 4 503058357
30 4 4.17853071e+09
31 4 -10250708.5
32 4 -29262994.2
33 4 -1377618.47
34 4 -53932114.2
35 4 -206966623
36 4 3.41688521e+09
37 4 -2384624.67
38 4 -17507100.4
39 4 954466.299
40 4 753760669
41 4 -100628755
42 4 2.0190791e+09
43 4 -3128850.52
44 4 -10234207.8
45 4 913721.478
46 4 264777542
47 4 4566810.77
48 4 1.31762689e+09
49 4 -2004096.4
50 4 -9977842.32
51 4 557421.444
52 4 261075448
53 4 57249438.8
54 4 1.23960982e+09
55 4 -4502101.99
56 4 -10994145.9
57 4 2908570.1
58 4 543546649
59 4 99500774.9
60 4 1.28270263e+09
61 4 -3438118.62
62 4 -9125824.9
63 4 2575115.19
64 4 547947273
65 4 50836930.6
66 4 1.09129554e+09
67 4 -491134.978
68 4 -4723176.11
69 4 669555.531
70 4 441281916
71 4 18589409.7
72 4 378118921
73 4 -173630.577
74 4 -2521262.32
75 4 1031110.59
76 4 291558805
77 4 46481082.9
78 4 194551590
79 4 397527.994
80 4 -2419416.07
81 4 885543.043
82 4 426413244
83 4 56099800.8
84 4 114220573
85 4 259279.188
86 4 -1906048.4
87 4 867845.243
88 4 387060460
89 4 19663608
90 4 46358885.9
91 4 462783.317
92 4 -707812.06
93 4 398396.777
94 4 135144622
95 4 46439533.2
96 4 -1818164.52
97 4 400022.361
98 4 673174.002
99 4 -150042.903
100 4 64456610.9
101 4 -21444498.8
102 4 -102364053
1 5 -332517178
2 5 -2786404.21
3 5 193424654
4 5 -258765070
5 5 8.84375856e+10
6 5 1.18369422e+09
7 5 23443426.1
8 5 -791575.484
9 5 -41704191.8
10 5 -117216754
11 5 -9.44902138e+09
12 5 -452271525
13 5 27965650.7
14 5 -771070.822
15 5 -29054495.2
16 5 -176859771
17 5 -7.15281781e+09
18 5 -332598974
19 5 15014636.7
20 5 -1097967.5
21 5 -33449808.2
22 5 397945554
23 5 -7.28719552e+09
24 5 -424531226
25 5 10235756.4
26 5 -971181.732
27 5 -26724934.9
28 5 -5571134.39
29 5 -5.23558606e+09
30 5 -461861235
31 5 5554769.17
32 5 -45536.1667
33 5 -23719428.8
34 5 -520513850
35 5 -4.46591543e+09
36 5 63192263.5
37 5 1736235.83
38 5 637371.545
39 5 -17852287.2
40 5 -21446367.6
41 5 -2.60909658e+09
42 5 -2079162.3
43 5 5084142.32
44 5 206101.058
45 5 -9889577.63
46 5 -116620962
47 5 -1.63574551e+09
48 5 3074696.94
49 5 4147128.95
50 5 277021.53
51 5 -10773658
52 5 -86114392.6
53 5 -1.6581183e+09
54 5 -64214881.3
55 5 2343054.8
56 5 541986.45
57 5 -12927226.7
58 5 -247676037
59 5 -1.63525191e+09
60 5 -21842975.3
61 5 2416081.51
62 5 660971.509
63 5 -11430679.1
64 5 -155258427
65 5 -1.5113018e+09
66 5 -15630289
67 5 -643512.909
68 5 633664.124
69 5 -7333060.46
70 5 -66747743
71 5 -1.08143298e+09
72 5 -55635969.7
73 5 -795762.66
74 5 549214.576
75 5 -4926069.02
76 5 -87442132.5
77 5 -633992553
78 5 -9063122.89
79 5 -1181194.28
80 5 557378.966
81 5 -5516514.83
82 5 -59071123.8
83 5 -818832299
84 5 -17309535.7
85 5 -1015579.8
86 5 580384.484
87 5 -5246190.71
88 5 -50959368.4
89 5 -786472135
90 5 -6851681.11
91 5 -1492975.06
92 5 299358.986
93 5 -2492612.12
94 5 -48636572.6
95 5 -358286392
96 5 4945339.43
97 5 -145681.226
98 5 732281.412
99 5 -3808417.29
100 5 -66155687.2
101 5 -495232344
102 5 -69916415.3
1 6 -106904505
2 6 -240542262
3 6 -5923851.62
4 6 -3.51291434e+09
5 6 1.18369422e+09
6 6 6.65106612e+10
7 6 14381569.5
8 6 34043487.9
9 6 -3966475.69
10 6 -2.6117909e+09
11 6 -384781914
12 6 -8.71598879e+09
13 6 12034517.2
14 6 17870031.5
15 6 -2112324.54
16 6 -1.5220836e+09
17 6 -381128609
18 6 -5.69282445e+09
19 6 3367051.72
20 6 17327419.8
21 6 1354492.95
22 6 -2.51755543e+09
23 6 149063565
24 6 -5.17057447e+09
25 6 5863822
26 6 9152919.63
27 6 -1697068.69
28 6 -2.0841038e+09
29 6 -25582485.7
30 6 -3.38937865e+09
31 6 4336858.89
32 6 132899.674
33 6 -6617282.03
34 6 -2.10149629e+09
35 6 -382765668
36 6 -1.35057557e+09
37 6 -516561.381
38 6 -8449241.12
39 6 -1137257.71
40 6 -730201476
41 6 6370192.8
42 6 584291995
43 6 -249625.93
44 6 -6670108.26
45 6 -2234845.21
46 6 -690068717
47 6 -128257861
48 6 262921415
49 6 -641652.633
50 6 -7108371.31
51 6 -1469149.14
52 6 -578139709
53 6 -40859885.5
54 6 387550521
55 6 -1703499.85
56 6 -8545098.23
57 6 -1748938.67
58 6 -417216543
59 6 -149841501
60 6 679238002
61 6 -1451043.57
62 6 -8111984.09
63 6 -1343242.64
64 6 -343413832
65 6 -128512802
66 6 648453189
67 6 -723306.452
68 6 -5333898.16
69 6 396818.464
70 6 -51460092.3
71 6 58154379.8
72 6 447403284
73 6 -861692.598
74 6 -4100407.26
75 6 927268.901
76 6 108034378
77 6 60064860.8
78 6 335797667
79 6 -527993.611
80 6 -5271018.17
81 6 1292324.56
82 6 217021504
83 6 120991372
84 6 367472821
85 6 -771555.717
86 6 -4919310.99
87 6 1503348.03
88 6 200767400
89 6 103466544
90 6 343533254
91 6 454533.261
92 6 -2906505.19
93 6 1479783.29
94 6 227613238
95 6 152397205
96 6 165471316
97 6 90937.9148
98 6 -2400003.32
99 6 1298968.45
100 6 125471094
101 6 142049975
102 6 201920382
1 7 -511240.711
2 7 -87114.1652
3 7 -258227.064
4 7 -8012142.69
5 7 23443426.1
6 7 14381569.5
7 7 108137310
8 7 211381.834
9 7 532852.294
10 7 7117692.59
11 7 -223335160
12 7 -52352978.5
13 7 -660647.863
14 7 -9177.76093
15 7 -86279.8739
16 7 -3154701.49
17 7 13646798.9
18 7 608134.998
19 7 -445219.97
20 7 47579.7577
21 7 76171.7951
22 7 -2612313.62
23 7 14535629.8
24 7 -7239516.94
25 7 -356351.555
26 7 30559.7934
27 7 148698.974
28 7 -3044566.78
29 7 26875913
30 7 -1320391.51
31 7 -160954.063
32 7 -25462.3808
33 7 234110.399
34 7 3721206.71
35 7 29824464.1
36 7 4108726.28
37 7 2480.03517
38 7 -7993.7215
39 7 167596.909
40 7 2055792.4
41 7 19347422.1
42 7 327995.408
43 7 -18952.5298
44 7 -7041.10457
45 7 179242.386
46 7 3503200.57
47 7 19283523.3
48 7 890830.261
49 7 -19429.649
50 7 -3464.36874
51 7 143206.746
52 7 1009065.02
53 7 16220941.7
54 7 514672.343
55 7 24008.0462
56 7 -2959.75089
57 7 175392.294
58 7 2656670.31
59 7 19912987.8
60 7 -253355.043
61 7 33984.5329
62 7 -874.5976
63 7 138840.417
64 7 1068910.99
65 7 16765057.1
66 7 -329704.471
67 7 45089.3468
68 7 -1592.29682
69 7 70307.5776
70 7 1148330.05
71 7 10216367.6
72 7 -794194.733
73 7 39988.4127
74 7 996.458277
75 7 30301.3065
76 7 527621.193
77 7 5240770.03
78 7 -627832.301
79 7 32273.3224
80 7 2302.45864
81 7 18668.7309
82 7 411324.824
83 7 3217556.59
84 7 -682106.508
85 7 35200.6371
86 7 2121.29392
87 7 14577.9299
88 7 272480.593
89 7 3353793.47
90 7 -857542.805
91 7 28815.3921
92 7 2215.44933
93 7 10206.3964
94 7 30115.3168
95 7 3042247.89
96 7 -655572.838
97 7 13043.5524
98 7 1248.926
99 7 2311.64048
100 7 -620226.78
101 7 1232726.07
102 7 528222.159
1 8 -12440.7647
2 8 -1018171.92
3 8 -168323.794
4 8 -52314052.6
5 8 -791575.484
6 8 34043487.9
7 8 211381.834
8 8 111766359
9 8 847442.546
10 8 265131340
11 8 3334315.09
12 8 -324813923
13 8 -30106.5448
14 8 -1190866.54
15 8 -117205.529
16 8 -16610028.7
17 8 1632988.16
18 8 64421813.7
19 8 -4093.23159
20 8 -900680.62
21 8 -70693.9885
22 8 -5955329.98
23 8 -2538190.54
24 8 43390986.8
25 8 -38310.3004
26 8 -712787.04
27 8 -64347.8797
28 8 -10077665.9
29 8 -1247017.98
30 8 46217882.4
31 8 -47772.9356
32 8 -480776.461
33 8 -6819.2479
34 8 -12541702.1
35 8 -1060452.77
36 8 31269274.3
37 8 -28644.4122
38 8 -268317.557
39 8 -906.798532
40 8 -1636139.71
41 8 -812927.182
42 8 19671682.6
43 8 -37870.2163
44 8 -283721.517
45 8 -3121.24899
46 8 -3951225.76
47 8 -724370.579
48 8 19096888.4
49 8 -13160.3715
50 8 -206172.499
51 8 -3520.99476
52 8 -4479685.19
53 8 -291440.519
54 8 15377151.4
55 8 -31140.4892
56 8 -248580.736
57 8 3687.83881
58 8 165646.238
59 8 -492931.289
60 8 19867717.7
61 8 -14965.256
62 8 -207031.425
63 8 -1357.74977
64 8 639717.268
65 8 -812326.498
66 8 15928596
67 8 -21185.2797
68 8 -132138.389
69 8 9617.45265
70 8 3544478.42
71 8 -100883.318
72 8 9586194.39
73 8 -15251.3646
74 8 -81278.4003
75 8 11044.2758
76 8 3207090.09
77 8 636157.609
78 8 5352262.11
79 8 -13554.3005
80 8 -79943.0756
81 8 16861.1784
82 8 2221382.29
83 8 1513899.35
84 8 5770374.05
85 8 -15116.347
86 8 -76962.4176
87 8 18959.3401
88 8 2812804.77
89 8 1114933.24
90 8 5249009.08
91 8 1633.16949
92 8 -60681.9735
93 8 22201.5637
94 8 4853571.18
95 8 1894287.85
96 8 3281679.78
97 8 -1126.23342
98 8 -45600.7858
99 8 11362.4612
100 8 3992324.19
101 8 -186955.673
102 8 3690476.73
1 9 262131.241
2 9 -161110.833
3 9 -643585.257
4 9 -17168199.9
5 9 -41704191.8
6 9 -3966475.69
7 9 532852.294
8 9 847442.546
9 9 108380248
10 9 55767997.5
11 9 259821952
12 9 -10452007.7
13 9 -146008.147
14 9 -125996.158
15 9 -758719.93
16 9 -1552717.87
17 9 -49486512
18 9 3112706.04
19 9 -222177.634
20 9 -52965.147
21 9 -522771.78
22 9 8245334.59
23 9 -38072971.7
24 9 -188930.52
25 9 -251283.48
26 9 -51884.6112
27 9 -380962.548
28 9 4970452.94
29 9 -35001848.1
30 9 922088.825
31 9 -180198.387
32 9 -37637.867
33 9 -184450.51
34 9 -2902010.87
35 9 -9403154.75
36 9 4915672.61
37 9 -126666.021
38 9 -18458.7286
39 9 3282.31257
40 9 85203.6279
41 9 3395675.99
42 9 2495202.87
43 9 -133086.303
44 9 -33261.6047
45 9 -29857.7433
46 9 -406436.18
47 9 2211889.2
48 9 4206276.96
49 9 -81372.137
50 9 -10525.7874
51 9 720.494062
52 9 -134670.15
53 9 4429436.26
54 9 1161032.14
55 9 -93671.1102
56 9 -24018.0691
57 9 31433.4096
58 9 673781.157
59 9 5387080.64
60 9 2880459.28
61 9 -88557.7826
62 9 -18663.6082
63 9 28512.1605
64 9 322868.995
65 9 5867929.37
66 9 2049209.74
67 9 -47767.9043
68 9 -13708.8605
69 9 52231.7998
70 9 1016649.52
71 9 5228700.96
72 9 1504720.83
73 9 -24077.0259
74 9 -9704.65808
75 9 40669.716
76 9 637445.595
77 9 4704876.48
78 9 925413.484
79 9 -21603.5843
80 9 -12080.1988
81 9 62168.6639
82 9 825319.007
83 9 7188281.64
84 9 1095626.05
85 9 -16599.3724
86 9 -12800.9678
87 9 58592.7504
88 9 923462.567
89 9 6833248.18
90 9 1037548.72
91 9 18911.9351
92 9 -7558.5036
93 9 36875.3154
94 9 948142.483
95 9 5070828.56
96 9 181836.11
97 9 12508.5937
98 9 -11893.8154
99 9 65488.0956
100 9 -2456332.28
101 9 8674736.77
102 9 1444189.05
1 10 5301506.67
2 10 -33274478.4
3 10 -16847078.4
4 10 -5.12048851e+09
5 10 -117216754
6 10 -2.6117909e+09
7 10 7117692.59
8 10 265131340
9 10 55767997.5
10 10 6.35595697e+10
11 10 -5.02442049e+09
12 10 8.85256057e+09
13 10 -3274027.42
14 10 -19571026.6
15 10 -1667463.38
16 10 -1.11478621e+10
17 10 1.97231958e+09
18 10 -2.11064867e+09
19 10 3390531.37
20 10 -19306220.8
21 10 6968955.6
22 10 -7.92185586e+09
23 10 2.63448762e+09
24 10 1.4358042e+09
25 10 354615.03
26 10 -31613971.9
27 10 3918046.9
28 10 -4.42513042e+09
29 10 1.74494072e+09
30 10 2.30494155e+09
31 10 -4630298.87
32 10 -30724964.3
33 10 -2649604.41
34 10 -1.34315228e+09
35 10 -196627963
36 10 2.98405855e+09
37 10 -2806562.49
38 10 -17554175.1
39 10 73568.9937
40 10 341538048
41 10 -106059568
42 10 1.94962005e+09
43 10 -4169329.41
44 10 -17709546.6
45 10 -378480.275
46 10 106617042
47 10 -63330347
48 10 1.97791401e+09
49 10 -1315296.03
50 10 -13829479.1
51 10 -114973.55
52 10 -32749384.6
53 10 -2907683.64
54 10 1.49971434e+09
55 10 -3060437.81
56 10 -16897849.3
57 10 715631.856
58 10 435142262
59 10 -29833559.1
60 10 1.76064788e+09
61 10 -1732891.69
62 10 -13356420.4
63 10 293387.583
64 10 488858751
65 10 -54554838.7
66 10 1.41038979e+09
67 10 -1595774.89
68 10 -8152568.39
69 10 1088347.57
70 10 553970268
71 10 -33824524.2
72 10 685777323
73 10 -595659.532
74 10 -4367904.61
75 10 869693.903
76 10 449211639
77 10 7241690.82
78 10 304196256
79 10 -135182.297
80 10 -2973364.28
81 10 946278.379
82 10 342917284
83 10 47809327.1
84 10 211145376
85 10 -361113.314
86 10 -3004940.61
87 10 997421.449
88 10 373128826
89 10 -1390274.32
90 10 173200310
91 10 384065.899
92 10 -2809209.3
93 10 1027387.07
94 10 349681568
95 10 79946909.3
96 10 105804466
97 10 12481.3111
98 10 -775189.228
99 10 -1555472.29
100 10 653911521
101 10 -443960616
102 10 -26492755.1
1 11 41386610.6
2 11 -1750285.43
3 11 -30790034.5
4 11 78906964.3
5 11 -9.44902138e+09
6 11 -384781914
7 11 -223335160
8 11 3334315.09
9 11 259821952
10 11 -5.02442049e+09
11 11 1.09057195e+11
12 11 2.79803116e+09
13 11 10224917.5
14 11 -506487.967
15 11 -48771331.2
16 11 1.76329076e+09
17 11 -1.84700375e+10
18 11 -1.23067941e+09
19 11 1311441.06
20 11 -3357961.06
21 11 -35506392.8
22 11 1.75855757e+09
23 11 -1.46913783e+10
24 11 -1.13630726e+09
25 11 6061183.69
26 11 -2616693.15
27 11 -37819133.9
28 11 992552804
29 11 -1.01095145e+10
30 11 -803926858
31 11 10959538.1
32 11 167994.49
33 11 -24705036.9
34 11 -273579001
35 11 -4.86299255e+09
36 11 16029288.7
37 11 3551776.02
38 11 564865.404
39 11 -15548460.6
40 11 -96729953.6
41 11 -2.65525831e+09
42 11 2300044.66
43 11 5086954.75
44 11 295722.602
45 11 -14754104.6
46 11 -226346298
47 11 -2.71851773e+09
48 11 -21389843.3
49 11 5447899.87
50 11 442058.096
51 11 -12704354.3
52 11 -55375043.2
53 11 -2.03123581e+09
54 11 -60978509.5
55 11 1781669.6
56 11 394857.355
57 11 -16306590
58 11 -189988114
59 11 -2.39077411e+09
60 11 7874246.76
61 11 1747880.53
62 11 412060.681
63 11 -13286791.4
64 11 -35337231.3
65 11 -2.15762115e+09
66 11 4240502.96
67 11 -1166988
68 11 451662.483
69 11 -8373071.08
70 11 -80633444.3
71 11 -1.35456602e+09
72 11 12144596.5
73 11 -580498.073
74 11 524660.257
75 11 -5164675.39
76 11 -55813591.7
77 11 -852226193
78 11 -21202604.9
79 11 697658.213
80 11 842721.055
81 11 -6450870.27
82 11 -69020831.5
83 11 -856430568
84 11 -59455949.2
85 11 36067.6774
86 11 828427.691
87 11 -5948470.4
88 11 -55987937.4
89 11 -867504684
90 11 -39597828.8
91 11 -2477661.18
92 11 440500.593
93 11 -3599410.3
94 11 -65630193.6
95 11 -579339675
96 11 8838826.39
97 11 -1200469.11
98 11 1006172.8
99 11 -6245924.68
100 11 378848649
101 11 -987039565
102 11 -222110390
1 12 13568994.3
2 12 55124097.2
3 12 8926260.84
4 12 3.80297002e+09
5 12 -452271525
6 12 -8.71598879e+09
7 12 -52352978.5
8 12 -324813923
9 12 -10452007.7
10 12 8.85256057e+09
11 12 2.79803116e+09
12 12 8.3453288e+10
13 12 746951.982
14 12 63582702.7
15 12 2191706.94
16 12 -3.43635864e+09
17 12 -1.47816873e+09
18 12 -1.68061568e+10
19 12 -4870570.16
20 12 39111839.5
21 12 4449675.65
22 12 -4.89535581e+09
23 12 -483409203
24 12 -1.139512e+10
25 12 1192193.28
26 12 34504453.7
27 12 4203122.22
28 12 -4.31936367e+09
29 12 -72180306.2
30 12 -7.16833645e+09
31 12 4764229.21
32 12 8315065.37
33 12 -3145182.95
34 12 -1.82535572e+09
35 12 -167427864
36 12 -2.55391832e+09
37 12 393474.913
38 12 -3533141.22
39 12 -1688894.76
40 12 -1.16164357e+09
41 12 -3810377.92
42 12 -216268456
43 12 1185894.4
44 12 -2630311.61
45 12 -2888464.67
46 12 -1.20014196e+09
47 12 -195116184
48 12 -531269723
49 12 296196.24
50 12 -4040015.38
51 12 -751508.529
52 12 -664692314
53 12 -35476581.9
54 12 -111582795
55 12 -77760.7913
56 12 -4813855.99
57 12 -1907114.45
58 12 -757164124
59 12 -128167426
60 12 136222968
61 12 31120.8343
62 12 -4721849.57
63 12 -1207377.69
64 12 -656238279
65 12 -85106756.4
66 12 134895135
67 12 -913474.449
68 12 -3903701.71
69 12 -571731.895
70 12 -326931186
71 12 -2059055.34
72 12 345378080
73 12 -933978.216
74 12 -3179392.91
75 12 234283.097
76 12 -104995981
77 12 44030409.4
78 12 247608195
79 12 -1138042.96
80 12 -4657432.42
81 12 859972.773
82 12 -20550573.4
83 12 94264579.3
84 12 359771920
85 12 -1138123.57
86 12 -4318235.31
87 12 983848.534
88 12 -1183791.93
89 12 87348202.6
90 12 348850884
91 12 -99335.4214
92 12 -3561931.65
93 12 1406510.08
94 12 239752764
95 12 118361172
96 12 225440146
97 12 -14577.1482
98 12 -3487286.66
99 12 708756.058
100 12 319210615
101 12 -23736444.6
102 12 434975301
1 13 -422531.425
2 13 -94950.4575
3 13 -205373.099
4 13 -9333815.96
5 13 27965650.7
6 13 12034517.2
7 13 -660647.863
8 13 -30106.5448
9 13 -146008.147
10 13 -3274027.42
11 13 10224917.5
12 13 746951.982
13 13 108969739
14 13 118758.327
15 13 395023.963
16 13 13575672.8
17 13 -321136009
18 13 -43179759.8
19 13 -917603.133
20 13 42288.675
21 13 115486.657
22 13 -4501345.05
23 13 38677918.1
24 13 -12531370.4
25 13 -701256.93
26 13 40774.8067
27 13 205977.458
28 13 -5267833.26
29 13 42257896.3
30 13 -6861884.73
31 13 -237591.766
32 13 -58232.1288
33 13 315158.649
34 13 9663254.5
35 13 33036586.1
36 13 12002501
37 13 32341.713
38 13 -5621.39922
39 13 243985.074
40 13 1967951.73
41 13 23823633
42 13 778606.836
43 13 -17066.8757
44 13 -4781.77823
45 13 241530.738
46 13 2777186.18
47 13 20419198.4
48 13 1299397.96
49 13 -19803.5212
50 13 -5175.61075
51 13 161665.913
52 13 2143550.48
53 13 14016532.2
54 13 673209.393
55 13 32509.6395
56 13 -3394.72209
57 13 182406.587
58 13 3361527.73
59 13 17924648.9
60 13 -202253.161
61 13 40902.7093
62 13 -4938.12446
63 13 171853.621
64 13 2386256.37
65 13 18417004.6
66 13 -415022.948
67 13 61402.0699
68 13 -5709.24
69 13 82481.5974
70 13 1430165.38
71 13 10673378.6
72 13 -693537.44
73 13 47225.4652
74 13 -758.502596
75 13 39477.4643
76 13 1023119.39
77 13 4950826.32
78 13 -1047979.88
79 13 40182.5187
80 13 2521.7934
81 13 22139.472
82 13 434411.04
83 13 3549283.8
84 13 -835880.935
85 13 45633.8957
86 13 2776.3117
87 13 20953.5937
88 13 305825.371
89 13 4461818.02
90 13 -929248.746
91 13 31677.0039
92 13 1339.75904
93 13 9384.28824
94 13 265145.353
95 13 2649391.66
96 13 -609213.071
97 13 15001.5673
98 13 200.863753
99 13 9186.75427
100 13 190994.753
101 13 1597388.83
102 13 -194414.76
1 14 -27606.9809
2 14 -763630.53
3 14 -121324.183
4 14 -49921319.3
5 14 -771070.822
6 14 17870031.5
7 14 -9177.76093
8 14 -1190866.54
9 14 -125996.158
10 14 -19571026.6
11 14 -506487.967
12 14 63582702.7
13 14 118758.327
14 14 112923995
15 14 951596.521
16 14 383499595
17 14 -371169.686
18 14 -290942427
19 14 -19136.1326
20 14 -1588283.96
21 14 -126003.528
22 14 -36125821.5
23 14 -825089.931
24 14 76730707
25 14 -48235.4943
26 14 -1280525.13
27 14 -105158.111
28 14 -26227326.8
29 14 -844783.953
30 14 72460309
31 14 -108021.407
32 14 -734752.615
33 14 -26578.1945
34 14 -15550900.7
35 14 -1660595.65
36 14 35675760.3
37 14 -33312.9505
38 14 -398191.582
39 14 -16179.0525
40 14 -2547541.93
41 14 -905370.153
42 14 23270505.4
43 14 -32773.6158
44 14 -380365.374
45 14 -16865.9801
46 14 -9109786.59
47 14 -751299.921
48 14 19051715.5
49 14 -23554.8502
50 14 -275293.806
51 14 -9648.55553
52 14 -10019717.3
53 14 -464759.029
54 14 12370385.2
55 14 -39065.829
56 14 -255276.682
57 14 -846.475057
58 14 -1178627.27
59 14 -535528.66
60 14 18323536
61 14 -32142.9373
62 14 -247948.037
63 14 875.835502
64 14 400156.951
65 14 -842546.073
66 14 18364946
67 14 -23993.8302
68 14 -159920.14
69 14 9093.97841
70 14 3325205.88
71 14 -153870.136
72 14 10263860.6
73 14 -18968.4344
74 14 -95279.9097
75 14 15226.85
76 14 2919625.59
77 14 622086.089
78 14 6089033.95
79 14 -12293.8169
80 14 -76922.6489
81 14 13756.1293
82 14 3220176.17
83 14 919146.715
84 14 5000671.74
85 14 -16345.5555
86 14 -91051.2933
87 14 18107.0391
88 14 3860441.68
89 14 688987.313
90 14 5536410.71
91 14 -2009.78474
92 14 -62216.6076
93 14 17924.7893
94 14 4237027.69
95 14 1563454.84
96 14 3763662.45
97 14 -1061.0043
98 14 -48334.1581
99 14 11096.3727
100 14 2586507.09
101 14 928254.163
102 14 3620258.38
1 15 218761.48
2 15 -100880.03
3 15 -434460.714
4 15 -12310025.3
5 15 -29054495.2
6 15 -2112324.54
7 15 -86279.8739
8 15 -117205.529
9 15 -758719.93
10 15 -1667463.38
11 15 -48771331.2
12 15 2191706.94
13 15 395023.963
14 15 951596.521
15 15 109148491
16 15 41243344.6
17 15 209350042
18 15 -13204503.1
19 15 -380010.747
20 15 -98566.2748
21 15 -1007022.2
22 15 13876320.9
23 15 -47119788
24 15 -978885.227
25 15 -504015.008
26 15 -80293.0382
27 15 -769338.033
28 15 11848653.6
29 15 -41193597.1
30 15 -2062762.59
31 15 -330281.236
32 15 -88544.4456
33 15 -340363.411
34 15 -7345695.96
35 15 -8748330.6
36 15 12440757.4
37 15 -187429.964
38 15 -17541.3799
39 15 -35319.0767
40 15 -281049.345
41 15 3515752.62
42 15 2218333.23
43 15 -170807.155
44 15 -29570.9881
45 15 -67253.8474
46 15 -561825.869
47 15 6515918.01
48 15 3471305.06
49 15 -135690.922
50 15 -18768.915
51 15 -19753.5748
52 15 -277060.249
53 15 9692424.34
54 15 2337286.85
55 15 -96692.6268
56 15 -28396.3251
57 15 13755.8818
58 15 557749.999
59 15 5685947.78
60 15 3343263.44
61 15 -99930.3878
62 15 -29961.3257
63 15 23950.7481
64 15 659436.444
65 15 6278519.62
66 15 3407846.77
67 15 -60150.0129
68 15 -13631.8025
69 15 48182.9489
70 15 971049.353
71 15 5685047.09
72 15 1607265.32
73 15 -22320.4107
74 15 -13393.2678
75 15 38286.0421
76 15 1114177.98
77 15 4854299.11
78 15 1074085.14
79 15 -10219.0314
80 15 -8718.93084
81 15 38536.3878
82 15 728549.2
83 15 5006388.9
84 15 596267.821
85 15 -10769.6238
86 15 -11963.9693
87 15 53663.3982
88 15 920840.939
89 15 6053054.12
90 15 717838.788
91 15 14305.6203
92 15 -7217.96175
93 15 38158.9088
94 15 768243.493
95 15 5382026.98
96 15 234320.901
97 15 17978.4176
98 15 -5869.73638
99 15 37701.804
100 15 826364.336
101 15 4615484.27
102 15 140134.224
1 16 3087357.26
2 16 -37251842.9
3 16 -12387958.9
4 16 -4.49982093e+09
5 16 -176859771
6 16 -1.5220836e+09
7 16 -3154701.49
8 16 -16610028.7
9 16 -1552717.87
10 16 -1.11478621e+10
11 16 1.76329076e+09
12 16 -3.43635864e+09
13 16 13575672.8
14 16 383499595
15 16 41243344.6
16 16 7.30609747e+10
17 16 -6.01984563e+09
18 16 1.30641658e+09
19 16 1779293.31
20 16 -54425595.1
21 16 11789931.7
22 16 -1.49722017e+10
23 16 2.61151913e+09
24 16 3.56875223e+09
25 16 2817433.48
26 16 -55634029.7
27 16 9475532.99
28 16 -9.39617619e+09
29 16 2.16894915e+09
30 16 4.78288783e+09
31 16 -11772731.1
32 16 -36065728
33 16 -7194815.87
34 16 -1.6628894e+09
35 16 -554972957
36 16 3.96671187e+09
37 16 -2687959.37
38 16 -20695929.3
39 16 -340021.64
40 16 710428216
41 16 -79510582.5
42 16 2.70989697e+09
43 16 -3391805.72
44 16 -18040656.9
45 16 -762153.077
46 16 99259527.4
47 16 -47726374.1
48 16 2.55158633e+09
49 16 -2260798.48
50 16 -11865374.7
51 16 -366630.516
52 16 -22381262.7
53 16 -61301916.2
54 16 1.60000497e+09
55 16 -3575303.38
56 16 -15121008.6
57 16 476553.819
58 16 514652777
59 16 -57141223.2
60 16 1.85888171e+09
61 16 -3164628.65
62 16 -15268962
63 16 470521.14
64 16 591221205
65 16 -83204435.5
66 16 1.7351753e+09
67 16 -1689668.58
68 16 -8321272.98
69 16 1178258.45
70 16 747626017
71 16 -79100139.3
72 16 825569954
73 16 -824129.828
74 16 -4278705.75
75 16 1472042.7
76 16 555767218
77 16 -8660932.89
78 16 399352149
79 16 -154256.397
80 16 -3351437.72
81 16 999125.095
82 16 458119177
83 16 8644198.61
84 16 251443628
85 16 -443580.88
86 16 -3948605.58
87 16 1054481.13
88 16 500538211
89 16 -27125538.7
90 16 229536396
91 16 385578.324
92 16 -2470381.23
93 16 719833.351
94 16 337237241
95 16 35984588.2
96 16 107444253
97 16 181218.061
98 16 -1285833.54
99 16 443973.076
100 16 154844446
101 16 30921966.6
102 16 77596396.1
1 17 41157933.7
2 17 -407287.262
3 17 -15358930.1
4 17 97061088.1
5 17 -7.15281781e+09
6 17 -381128609
7 17 13646798.9
8 17 1632988.16
9 17 -49486512
10 17 1.97231958e+09
11 17 -1.84700375e+10
12 17 -1.47816873e+09
13 17 -321136009
14 17 -371169.686
15 17 209350042
16 17 -6.01984563e+09
17 17 1.14832966e+11
18 17 3.60875151e+09
19 17 24721151.4
20 17 -2309837.18
21 17 -50849493.2
22 17 2.04578656e+09
23 17 -2.12346352e+10
24 17 -1.1205108e+09
25 17 19297821.4
26 17 -2975415.57
27 17 -49186793.9
28 17 1.46532919e+09
29 17 -1.58695969e+10
30 17 -942480573
31 17 14750631.4
32 17 379716.484
33 17 -25395766
34 17 -673031170
35 17 -6.85941318e+09
36 17 2137436.14
37 17 4943831.42
38 17 852470.352
39 17 -18077607.7
40 17 -105132156
41 17 -4.06914262e+09
42 17 -143113394
43 17 10354794.2
44 17 566967.87
45 17 -14068288.7
46 17 -148753106
47 17 -3.55499019e+09
48 17 -133637014
49 17 11243202.2
50 17 511411.338
51 17 -9443940.04
52 17 -152292894
53 17 -2.5422184e+09
54 17 -68170233.1
55 17 3224711.56
56 17 531935.059
57 17 -14494842
58 17 -254210993
59 17 -2.4892554e+09
60 17 -4977428.45
61 17 2359372.27
62 17 592887.765
63 17 -14703415.7
64 17 -157054515
65 17 -2.43884576e+09
66 17 12213142.2
67 17 -401491.499
68 17 697701.362
69 17 -8592946.18
70 17 -97615559.3
71 17 -1.6643981e+09
72 17 2601570.25
73 17 -19196.3837
74 17 609839.379
75 17 -5144212.46
76 17 -94159900.2
77 17 -935770157
78 17 16480943.1
79 17 -249649.893
80 17 478537.053
81 17 -4528454.45
82 17 -47589835.2
83 17 -779307940
84 17 -4174057.14
85 17 -736817.125
86 17 555467.251
87 17 -5189202.72
88 17 -44694044.6
89 17 -993054285
90 17 -10699766.8
91 17 -1762815.09
92 17 621158.005
93 17 -4039961.73
94 17 -59723810.9
95 17 -651684349
96 17 -13278446.8
97 17 -1451805.67
98 17 446616.968
99 17 -3410656.6
100 17 -66078717.5
101 17 -497098212
102 17 -16506175.6
1 18 11371236.5
2 18 40773079.2
3 18 9422352.42
4 18 3.65595439e+09
5 18 -332598974
6 18 -5.69282445e+09
7 18 608134.998
8 18 64421813.7
9 18 3112706.04
10 18 -2.11064867e+09
11 18 -1.23067941e+09
12 18 -1.68061568e+10
13 18 -43179759.8
14 18 -290942427
15 18 -13204503.1
16 18 1.30641658e+09
17 18 3.60875151e+09
18 18 9.37024425e+10
19 18 -10506065.7
20 18 63684408.9
21 18 5847737.39
22 18 -5.72232642e+09
23 18 -511304566
24 18 -1.98100816e+10
25 18 -3868536.79
26 18 50882356
27 18 6109480.17
28 18 -7.18636855e+09
29 18 -73080742.2
30 18 -1.45184742e+10
31 18 12373580.6
32 18 8934219.09
33 18 -8782600.96
34 18 -3.20336927e+09
35 18 -428364587
36 18 -4.57630024e+09
37 18 428310.674
38 18 -4909498.73
39 18 -1580548.27
40 18 -1.77950703e+09
41 18 49440865.1
42 18 -645848312
43 18 1039068.56
44 18 -7279751.34
45 18 -2524061.27
46 18 -1.42858943e+09
47 18 -133864361
48 18 -848842034
49 18 362848.027
50 18 -9525516.79
51 18 -1829647.82
52 18 -1.07796213e+09
53 18 -107567869
54 18 -290433521
55 18 -300427.563
56 18 -5427140.56
57 18 -2364680.33
58 18 -785312981
59 18 -165929963
60 18 -30472325.7
61 18 -343617.319
62 18 -5254589.68
63 18 -2008222.18
64 18 -753296097
65 18 -158205842
66 18 57830737.3
67 18 -936422.878
68 18 -4614078.54
69 18 -675233.698
70 18 -463283785
71 18 9763401.88
72 18 308696229
73 18 -1165620.51
74 18 -3812502.64
75 18 -5836.68997
76 18 -132869099
77 18 1441244.34
78 18 256050386
79 18 -900773.612
80 18 -3697089.36
81 18 463987.159
82 18 6756597.04
83 18 45259267.6
84 18 268286986
85 18 -1051946.26
86 18 -4235375.18
87 18 694063.99
88 18 12808111.1
89 18 59892078.7
90 18 395552161
91 18 -280589.189
92 18 -3780890.13
93 18 1120111.67
94 18 205586734
95 18 102474413
96 18 259958307
97 18 -172969.505
98 18 -3380167.76
99 18 727713.802
100 18 178757522
101 18 65542583.8
102 18 296842828
1 19 -264169.397
2 19 -42436.8822
3 19 -244179.696
4 19 -5295700.66
5 19 15014636.7
6 19 3367051.72
7 19 -445219.97
8 19 -4093.23159
9 19 -222177.634
10 19 3390531.37
11 19 1311441.06
12 19 -4870570.16
13 19 -917603.133
14 19 -19136.1326
15 19 -380010.747
16 19 1779293.31
17 19 24721151.4
18 19 -10506065.7
19 19 109353967
20 19 504179.813
21 19 651680.099
22 19 22295688.3
23 19 -312660287
24 19 -87073014.7
25 19 -1152831.36
26 19 -161333.629
27 19 14156.8144
28 19 -5147051.58
29 19 46922650.8
30 19 17969619.8
31 19 -645393.887
32 19 -228532.493
33 19 312292.61
34 19 15768209.7
35 19 43011728.8
36 19 38348709
37 19 -38189.2513
38 19 -11595.1534
39 19 261507.45
40 19 3676956.23
41 19 27427644
42 19 2023153.49
43 19 -87005.7856
44 19 -15836.7534
45 19 228060.612
46 19 3194939.18
47 19 24889925.2
48 19 2539201.02
49 19 -60997.7693
50 19 -13735.2672
51 19 185513.28
52 19 3209374
53 19 20993803.4
54 19 1735602.43
55 19 -17954.5179
56 19 -132.986732
57 19 198496.698
58 19 3482164.43
59 19 21292227.4
60 19 869255.429
61 19 -19540.2422
62 19 -8197.61
63 19 174321.212
64 19 1526721.19
65 19 19739302.5
66 19 963028.09
67 19 28576.3306
68 19 -5843.75467
69 19 92408.129
70 19 1834204.31
71 19 11232131.3
72 19 -125485.18
73 19 30487.0125
74 19 -2051.23905
75 19 62937.9741
76 19 1551001
77 19 7027911.28
78 19 -538589.317
79 19 37635.4612
80 19 -435.302086
81 19 42519.7046
82 19 935174.002
83 19 6114740.28
84 19 -649024.695
85 19 26117.7985
86 19 -370.725743
87 19 31959.3921
88 19 613118.328
89 19 4428888.14
90 19 -437447.371
91 19 23884.328
92 19 -566.49358
93 19 17995.188
94 19 373801.5
95 19 3129153.1
96 19 -406840.75
97 19 14877.0287
98 19 -1139.31738
99 19 16270.0424
100 19 284282.44
101 19 2406592.94
102 19 -141074.442
1 20 29683.3172
2 20 -657231.856
3 20 -50525.8862
4 20 -42503715.5
5 20 -1097967.5
6 20 17327419.8
7 20 47579.7577
8 20 -900680.62
9 20 -52965.147
10 20 -19306220.8
11 20 -3357961.06
12 20 39111839.5
13 20 42288.675
14 20 -1588283.96
15 20 -98566.2748
16 20 -54425595.1
17 20 -2309837.18
18 20 63684408.9
19 20 504179.813
20 20 113178646
21 20 1196967.29
22 20 373308994
23 20 93461.1417
24 20 -358273246
25 20 -233568.377
26 20 -1720133
27 20 -189371.089
28 20 -44257532.9
29 20 -820136.322
30 20 104765903
31 20 -303439.582
32 20 -1062476.92
33 20 -67744.226
34 20 -22712700.2
35 20 -2536196.72
36 20 64429048.4
37 20 -51719.0242
38 20 -446686.475
39 20 -24163.7145
40 20 -6239171.25
41 20 -1537572.67
42 20 27702703.5
43 20 -40562.201
44 20 -406409.929
45 20 -22186.8832
46 20 -10387976.8
47 20 -1630332.53
48 20 23291670.3
49 20 -34304.7514
50 20 -334988.787
51 20 -13261.1375
52 20 -9572543.91
53 20 -1359616.24
54 20 18707819
55 20 -41852.2811
56 20 -295332.12
57 20 -18053.6657
58 20 -4398292.74
59 20 -964457.768
60 20 20804820.2
61 20 -16712.7852
62 20 -263819.324
63 20 -13130.8002
64 20 -5716335.6
65 20 -1177846.77
66 20 18148329
67 20 -26897.0138
68 20 -151483.95
69 20 2005.68518
70 20 1560655.13
71 20 -270411.808
72 20 10429912.8
73 20 -30761.2311
74 20 -120872.358
75 20 12453.2535
76 20 563484.883
77 20 1076518.82
78 20 9023515.68
79 20 -20750.8056
80 20 -98391.6613
81 20 16460.7426
82 20 2840681.53
83 20 1104339.6
84 20 7169784.43
85 20 -15334.4166
86 20 -78760.338
87 20 16054.267
88 20 1846479.13
89 20 1368720.85
90 20 6072310.15
91 20 -4262.37941
92 20 -53762.2134
93 20 18823.7846
94 20 3069006.76
95 20 1556010.37
96 20 3676554.85
97 20 -1565.93012
98 20 -42042.4571
99 20 13138.3429
100 20 2066723.05
101 20 1067961.98
102 20 3210703.46
1 21 271478.97
2 21 -69816.5273
3 21 -329382.851
4 21 -3133392.93
5 21 -33449808.2
6 21 1354492.95
7 21 76171.7951
8 21 -70693.9885
9 21 -522771.78
10 21 6968955.6
11 21 -35506392.8
12 21 4449675.65
13 21 115486.657
14 21 -126003.528
15 21 -1007022.2
16 21 11789931.7
17 21 -50849493.2
18 21 5847737.39
19 21 651680.099
20 21 1196967.29
21 21 109362743
22 21 67368050.6
23 21 255826475
24 21 -22389149.4
25 21 -443748.343
26 21 -209369.504
27 21 -1131675.1
28 21 -6470004.21
29 21 -61546404.5
30 21 10308615.9
31 21 -504518.94
32 21 -212872.979
33 21 -570101.46
34 21 -23135758.2
35 21 -26844440.3
36 21 25278734
37 21 -215469.472
38 21 -36337.4021
39 21 -87854.3319
40 21 -984398.9
41 21 -414286.129
42 21 4413356.3
43 21 -181427.026
44 21 -41063.2217
45 21 -108245.565
46 21 -1552389.17
47 21 -99664.9413
48 21 4194749.93
49 21 -155233.085
50 21 -28198.6892
51 21 -69120.4616
52 21 -1080067.21
53 21 3680752.4
54 21 3608006.11
55 21 -130497.862
56 21 -32199.1089
57 21 -11453.7378
58 21 -335614.577
59 21 3516086.02
60 21 3438084.06
61 21 -121475.256
62 21 -17858.9884
63 21 6414.66664
64 21 -171266.966
65 21 7124430.61
66 21 2037967.69
67 21 -70500.9758
68 21 -11741.8304
69 21 39008.9471
70 21 552634.231
71 21 4237518.26
72 21 1658620
73 21 -57971.5552
74 21 -15311.1165
75 21 60774.3001
76 21 1140362.1
77 21 8125647.44
78 21 1766730.32
79 21 -32425.9146
80 21 -12424.028
81 21 58838.3214
82 21 1072531.35
83 21 6873792.06
84 21 1221171.57
85 21 -26983.0276
86 21 -10546.4058
87 21 57344.2517
88 21 885244.211
89 21 6881158.68
90 21 1058763.97
91 21 4110.93806
92 21 -7364.79294
93 21 43788.347
94 21 940296.608
95 21 5050902.66
96 21 404176.425
97 21 11034.5307
98 21 -6205.05032
99 21 38720.4843
100 21 833237.494
101 21 4345845.91
102 21 282970.973
1 22 -514257.143
2 22 -20012062.6
3 22 -2495878.96
4 22 -2.67918504e+09
5 22 397945554
6 22 -2.51755543e+09
7 22 -2612313.62
8 22 -5955329.98
9 22 8245334.59
10 22 -7.92185586e+09
11 22 1.75855757e+09
12 22 -4.89535581e+09
13 22 -4501345.05
14 22 -36125821.5
15 22 13876320.9
16 22 -1.49722017e+10
17 22 2.04578656e+09
18 22 -5.72232642e+09
19 22 22295688.3
20 22 373308994
21 22 67368050.6
22 22 7.36162983e+10
23 22 -4.35318797e+09
24 22 4.33096937e+09
25 22 -10086455.7
26 22 -64419493.6
27 22 -6747768.65
28 22 -1.33698799e+10
29 22 963997403
30 22 2.2831997e+09
31 22 -24717006.6
32 22 -54758474
33 22 -22391206.2
34 22 -4.48090221e+09
35 22 -1.29480583e+09
36 22 4.14420197e+09
37 22 -4705068.54
38 22 -26299304
39 22 -1585849.94
40 22 3225802.09
41 22 -159967035
42 22 2.85675216e+09
43 22 -3836289.47
44 22 -24052609.7
45 22 -2195036.42
46 22 -571992163
47 22 -189763264
48 22 2.47439817e+09
49 22 -3470153.59
50 22 -19456107.7
51 22 -1502058.96
52 22 -282145913
53 22 -198548491
54 22 2.01795286e+09
55 22 -3627541.02
56 22 -19162487.2
57 22 -809094.131
58 22 54668348
59 22 -76415406.6
60 22 1.86306613e+09
61 22 -1680496.92
62 22 -16439378.4
63 22 -681487.483
64 22 8931791.46
65 22 -94566740.4
66 22 1.61615155e+09
67 22 -1938329.76
68 22 -8905413.96
69 22 489395.556
70 22 385080885
71 22 -62597126.4
72 22 849258376
73 22 -1397013.79
74 22 -6086903.25
75 22 1146342.72
76 22 343228211
77 22 10606375.9
78 22 544870616
79 22 -787338.956
80 22 -5196437.54
81 22 1172818.93
82 22 409256808
83 22 25491539.2
84 22 385210608
85 22 -390934.468
86 22 -3818802.97
87 22 972026.619
88 22 284583581
89 22 37338456.7
90 22 292476779
91 22 116024.132
92 22 -2578625.06
93 22 875303.969
94 22 257471528
95 22 54971082.1
96 22 145330616
97 22 55415.6033
98 22 -1687743.04
99 22 606035.729
100 22 148283710
101 22 44180968.8
102 22 113426353
1 23 38151596.8
2 23 -211153.556
3 23 -18453477.5
4 23 758977865
5 23 -7.28719552e+09
6 23 149063565
7 23 14535629.8
8 23 -2538190.54
9 23 -38072971.7
10 23 2.63448762e+09
11 23 -1.46913783e+10
12 23 -483409203
13 23 38677918.1
14 23 -825089.931
15 23 -47119788
16 23 2.61151913e+09
17 23 -2.12346352e+10
18 23 -511304566
19 23 -312660287
20 23 93461.1417
21 23 255826475
22 23 -4.35318797e+09
23 23 1.15680683e+11
24 23 6.4528239e+09
25 23 33003765.1
26 23 -1022712.67
27 23 -66439408.3
28 23 476692224
29 23 -1.87213846e+10
30 23 -1.12646501e+09
31 23 20142582.6
32 23 1501123.42
33 23 -41274347.5
34 23 -1.32340614e+09
35 23 -8.91131697e+09
36 23 -71401114.7
37 23 7196873.93
38 23 869761.147
39 23 -21455846.4
40 23 -182838533
41 23 -4.21892022e+09
42 23 -126164057
43 23 10082490.8
44 23 681251.056
45 23 -17944082.9
46 23 -165381281
47 23 -3.83916716e+09
48 23 -96141736.7
49 23 10426667.1
50 23 523049.701
51 23 -14347494.3
52 23 -236670681
53 23 -3.18740409e+09
54 23 -40219957.7
55 23 5491455.54
56 23 604985.254
57 23 -16831047.2
58 23 -221808406
59 23 -2.66386892e+09
60 23 -90670167.3
61 23 7669213.45
62 23 987976.891
63 23 -15122426.9
64 23 -78350471.9
65 23 -2.5336734e+09
66 23 -108067284
67 23 604028.719
68 23 709525.074
69 23 -9072902.48
70 23 -140713319
71 23 -1.52058623e+09
72 23 -38297020.1
73 23 3006414.96
74 23 794965.563
75 23 -8601440.59
76 23 -143388258
77 23 -1.24349263e+09
78 23 -56174695.2
79 23 432560.605
80 23 716315.22
